# Created by Octave 4.0.0, Mon Aug 20 10:52:24 2018 -03 <ximenes@spezi-ideapad-310>
# name: J
# type: scalar
0.5952380952380956


# name: X
# type: matrix
# rows: 21
# columns: 2
 1 6
 1 7
 1 6.5
 1 8
 1 6.6
 1 8.1
 1 6.8
 1 6.9
 1 7.3
 1 6.9
 1 8.199999999999999
 1 7.2
 1 7.3
 1 6.9
 1 8.6
 1 7.4
 1 7.6
 1 6.8
 1 8
 1 7.4
 1 6.5


# name: h
# type: matrix
# rows: 1
# columns: 101
 0 1 2 3 4 5 6.000000000000001 7.000000000000001 8 9 10 11 12 13 14 15 16 17 18 19 20 21 22 23 24 25 26 27 28 29 30 31 32 33 34 35 36 37 38 39 40 41.00000000000001 42 43 44 45 46.00000000000001 47 48.00000000000001 49 50 51.00000000000001 52 53.00000000000001 54 55 56.00000000000001 57 58.00000000000001 59 60 61.00000000000001 62 63.00000000000001 64 65 66 67 68 69 70 71 72 73 74 75 76 77 78 79 80 81 82.00000000000001 83 84 85 86 87.00000000000001 88 89 90 91 92.00000000000001 93 94 95 96.00000000000001 97.00000000000001 98 99 100


# name: t
# type: range
# base, limit, increment
0 10 0.1


# name: theta
# type: matrix
# rows: 2
# columns: 1
 0
 10


# name: x
# type: matrix
# rows: 21
# columns: 1
 6
 7
 6.5
 8
 6.6
 8.1
 6.8
 6.9
 7.3
 6.9
 8.199999999999999
 7.2
 7.3
 6.9
 8.6
 7.4
 7.6
 6.8
 8
 7.4
 6.5


# name: y
# type: matrix
# rows: 21
# columns: 1
 53
 60
 56
 79
 58
 85
 70
 56
 69
 76
 79
 68
 74
 72
 84
 78
 76
 65
 92
 80
 65


